Epoch;Accuracy_tot;Loss_Tot;Class_loss;Box_loss
0;0.22668727460072127;1.6118264981976862;1.4771422671632997;0.13468423103438648
1;0.22565687789799072;1.614078673795595;1.4790764582150993;0.1350022155804956
2;0.2390520350334879;1.6154378667926739;1.4799841950076071;0.1354536717850667
3;0.24162802679031428;1.612281156163557;1.4796008071231204;0.13268034904043677
4;0.250386398763524;1.6073669446368368;1.4793266559740368;0.1280402886627999
5;0.24832560535806286;1.6081288245337209;1.479523070628713;0.12860575390500792
6;0.25090159711488924;1.6060581514357537;1.481392213329097;0.12466593810665676
7;0.250386398763524;1.6033730541290172;1.4802868237266953;0.12308623040232199
8;0.24781040700669757;1.6020163666765939;1.481224095434457;0.12079227124213682
9;0.250386398763524;1.6003473160010155;1.4809399014708309;0.11940741453018464
10;0.24935600206079342;1.6052198378097637;1.4837717196795204;0.12144811813024317
11;0.2426584234930448;1.604806432522553;1.4844086620993124;0.1203977704232406
12;0.2390520350334879;1.6074927404699468;1.4836292492858163;0.12386349118413045
13;0.2431736218444101;1.6018383472251991;1.4861160899363246;0.11572225728887434
14;0.23132405976300877;1.6059325941440556;1.4896029472842405;0.1163296468598151
15;0.241112828438949;1.6055452790474045;1.4863907324168437;0.11915454663056065
16;0.2385368366821226;1.6045537690168064;1.4857496038532207;0.11880416516358554
17;0.241112828438949;1.607214584478332;1.4874651720694572;0.11974941240887492
18;0.26275115919629055;1.6019104628879837;1.4856439793865317;0.11626648350145201
19;0.26017516743946417;1.6025583715797516;1.4856624337952509;0.11689593778450055
20;0.24214322514167955;1.6085890669726883;1.4905508435429646;0.1180382234297236
21;0.25090159711488924;1.5831140432696806;1.4865729063211919;0.09654113694848872
22;0.25296239052035036;1.582514443267319;1.4836522042904854;0.09886223897683381
23;0.25193199381761977;1.58595830420131;1.4810889085379537;0.10486939566335624
24;0.25193199381761977;1.5852056701793797;1.4779400086046677;0.10726566157471207
25;0.25914477073673364;1.5892948735810506;1.478130727745343;0.11116414583570745
26;0.26481195260175167;1.5865347069726046;1.4749605118890572;0.1115741950835474
27;0.2550231839258114;1.5899749974010533;1.4763676104380998;0.11360738696295351
28;0.2539927872230809;1.5897485872079022;1.476164788821504;0.11358379838639839
29;0.25244719216898504;1.5878004386583473;1.4779482000823614;0.10985223857598597
30;0.2472952086553323;1.5909724896375448;1.479487903089882;0.1114845865476629
31;0.25450798557444615;1.5902356305483505;1.4799196261956726;0.11031600435267767
32;0.24935600206079342;1.5854892089525368;1.478644908057974;0.10684430089456282
33;0.25193199381761977;1.5841937418883145;1.47880099422842;0.1053927476598945
34;0.24884080370942813;1.5882830398712866;1.4823326452806522;0.10595039459063428
35;0.2550231839258114;1.5890376647681934;1.4840070870904072;0.1050305776777862
36;0.2539927872230809;1.5880714032774055;1.4845983514092989;0.10347305186810658
37;0.25450798557444615;1.5851397597869605;1.483216094577638;0.1019236652093226
38;0.2534775888717156;1.5859621822803307;1.4835552076038043;0.10240697467652625
39;0.24781040700669757;1.5866483276127419;1.4849970413200146;0.10165128629272713
40;0.24884080370942813;1.5854538215428882;1.4839072524733545;0.10154656906953366
41;0.250386398763524;1.5220368044822257;1.4814756374762024;0.04056116700602339
42;0.256053580628542;1.524582232475772;1.4802346914960576;0.04434754097971457
43;0.25193199381761977;1.5296781940106448;1.482444708154473;0.047233485856171674
44;0.25296239052035036;1.5272246184636489;1.4787262646823984;0.048498353781250565
45;0.25450798557444615;1.5300040920636877;1.4816071649361737;0.04839692712751385
46;0.26326635754765587;1.5285829695643132;1.4778614034362825;0.050721566128030623
47;0.26532715095311693;1.5293346796374785;1.4787851576335893;0.05054952200388921
48;0.2596599690880989;1.5313798590212493;1.478944738153205;0.05243512086804413
49;0.26532715095311693;1.5340360605120966;1.4789652954604686;0.05507076505162801
50;0.26326635754765587;1.5340398769290222;1.4782816058025723;0.055758271126449876
51;0.2704791344667697;1.529563864256413;1.4738225214632439;0.05574134279316937
52;0.26532715095311693;1.5291809803551464;1.4734647771490412;0.05571620320610506
53;0.27202472952086554;1.527845188246014;1.4715765275517916;0.056268660694222546
54;0.2679031427099433;1.5275940124918541;1.471496314746949;0.056097697744905056
55;0.2642967542503864;1.529015181667715;1.4725945427023461;0.056420638965368884
56;0.2751159196290572;1.5280515050716095;1.4717870571759484;0.05626444789566126
57;0.2715095311695003;1.5285228958208497;1.4707122087355804;0.057810687085269104
58;0.2735703245749614;1.5305822705067906;1.4731184828226127;0.05746378768417775
59;0.26841834106130863;1.530648509845606;1.4739478031180067;0.05670070672759931
60;0.2725399278722308;1.5296693817356823;1.4733189892854843;0.05635039245019802
61;0.28026790314270994;1.513380563854864;1.4692286315006058;0.044151932354258364
62;0.27408552292632665;1.5173580764434438;1.4736035920368649;0.04375448440657886
63;0.2807831014940752;1.5174267798094083;1.473709271532675;0.04371750827673353
64;0.2833590932509016;1.5155325484975966;1.4714862562098003;0.04404629228779607
65;0.2782071097372488;1.5171696996025545;1.473337561613748;0.043832137988806384
66;0.28026790314270994;1.5147873892236283;1.470119136317006;0.044668252906622435
67;0.2746007212776919;1.5200691064690144;1.4751317743048846;0.0449373321641296
68;0.26738794435857804;1.5228285836166233;1.4782988810158464;0.04452970260077687
69;0.2725399278722308;1.5189416208321258;1.47374513872747;0.045196482104655704
70;0.2771767130345183;1.520827686092646;1.4759722026213735;0.044855483471272474
71;0.26120556414219476;1.5279126635290556;1.4830016303713454;0.04491103315771025
72;0.26532715095311693;1.5247799091152405;1.4798726313265251;0.04490727778871547
73;0.2663575476558475;1.5256938315248563;1.4801776459510643;0.045516185573792105
74;0.2679031427099433;1.5314620302731938;1.4852739478557888;0.04618808241740506
75;0.25708397733127253;1.5295057711927993;1.483754975104197;0.04575079608860242
76;0.2581143740340031;1.5323417862317785;1.4865739911810016;0.045767795050776786
77;0.2704791344667697;1.525510199594473;1.4797263914380474;0.045783808156425715
78;0.2596599690880989;1.5303942746934296;1.4837898085376517;0.04660446615577788
79;0.26944873776403916;1.5268980463038764;1.480331538817982;0.046566507485894304
80;0.2787223080886141;1.5262997904614897;1.4800753546768337;0.04622443578465583
81;0.270994332818135;1.5102688078411088;1.4784780361798546;0.03179077166125432
82;0.2782071097372488;1.505857071208315;1.4756990773723273;0.030157993835987718
83;0.27202472952086554;1.506921161025655;1.4775974955649673;0.02932366546068776
84;0.2782071097372488;1.5045790449360608;1.4759164817059305;0.028662563230130306
85;0.27666151468315303;1.5008975688726984;1.4728113810221355;0.028086187850563014
86;0.2771767130345183;1.5023509685309016;1.4744680523565292;0.027882916174372222
87;0.2663575476558475;1.5064420606106106;1.4786360208549676;0.027806039755642876
88;0.27202472952086554;1.5077197274739198;1.4800845917078223;0.027635135766097652
89;0.2751159196290572;1.5058057838834973;1.4779934497422498;0.0278123341412473
90;0.2699639361154044;1.5069782601871913;1.479452086993556;0.027526173193635307
91;0.26584234930448225;1.51074118039339;1.482735993013377;0.02800518738001293
92;0.2715095311695003;1.5077257879857608;1.4800248025680927;0.027700985417668196
93;0.2787223080886141;1.5046941857556595;1.4772527813604355;0.027441404395223832
94;0.26326635754765587;1.507343052098089;1.4794746135572132;0.02786843854087582
95;0.27408552292632665;1.5109364947727326;1.4834489188570144;0.027487575915718373
96;0.2735703245749614;1.5084270009178897;1.480958532758867;0.027468468159022617
97;0.26944873776403916;1.5067026876162648;1.4793746963964793;0.027327991219785398
98;0.2725399278722308;1.504538804461574;1.476784400998901;0.027754403462672834
99;0.2668727460072128;1.5092878716929188;1.4818629795960825;0.02742489209683638
100;0.27769191138588356;1.5033417354841199;1.4759695808768334;0.027372154607286408
101;0.2761463163317877;1.5050786403821093;1.4791812965514917;0.02589734383061766
102;0.26944873776403916;1.5089857558010167;1.4814512752983018;0.02753448050271476
103;0.2735703245749614;1.5105433750865018;1.4814773276563407;0.029066047430161286
104;0.2787223080886141;1.5092976404059368;1.4785897688789504;0.030707871526986407
105;0.2782071097372488;1.5130857385230518;1.4827490467069568;0.0303366918160951
106;0.2874806800618238;1.5047237707253034;1.4740032528184972;0.030720517906806077
107;0.28232869654817105;1.5081128389917655;1.4772015964168055;0.03091124257496004
108;0.2761463163317877;1.5095414291762126;1.478834660258384;0.0307067689178286
109;0.26841834106130863;1.5158020421931695;1.4839702608166498;0.03183178137651981
110;0.2818134981968058;1.509591862505579;1.4775222628955555;0.03206959961002356
111;0.28438948995363217;1.5128277123189353;1.4802725672537613;0.03255514506517398
112;0.2874806800618238;1.5054083946499242;1.4725642413100528;0.032844153339871424
113;0.2895414734672849;1.506996822197495;1.4741945812101527;0.03280224098734239
114;0.2874806800618238;1.5096354361725246;1.476521904231469;0.0331135319410557
115;0.2807831014940752;1.5130127037634007;1.480843651607932;0.03216905215546865
116;0.28438948995363217;1.509732553603906;1.4762698551356823;0.03346269846822354
117;0.2900566718186502;1.5087984323133088;1.4745732955500246;0.03422513676328428
118;0.28851107676455434;1.5106227630072804;1.4765086736585724;0.03411408934870803
119;0.28438948995363217;1.5114882733022228;1.4771660711886894;0.03432220211353332
120;0.2833590932509016;1.5090685745663768;1.4745024101811546;0.03456616438522221
121;0.291602266872746;1.4979753531726718;1.4694732634570413;0.028502089715630414
122;0.30139103554868624;1.4977631858180074;1.4691489178885018;0.02861426792950559
123;0.29675425038639874;1.4993928166654293;1.4708429343426492;0.02854988232278013
124;0.30139103554868624;1.4984149777477762;1.470163002387572;0.028251975360204115
125;0.29726944873776406;1.495938475447669;1.4672410818549053;0.02869739359276372
126;0.2946934569809377;1.4991861124249968;1.4703933818017252;0.02879273062327177
127;0.29984544049459044;1.5013906235304277;1.4725018775936012;0.0288887459368266
128;0.28490468830499743;1.5057907856229285;1.4772313278646336;0.028559457758294743
129;0.2890262751159196;1.5036723241555452;1.4746707246083688;0.02900159954717637
130;0.2900566718186502;1.5008635944708422;1.4712829707763295;0.029580623694512722
131;0.2921174652241113;1.5021302585808165;1.4725925498620436;0.02953770871877302
132;0.2957238536836682;1.5017366016236608;1.4720658897309498;0.029670711892711202
133;0.2962390520350335;1.5007889353080486;1.4712601965816288;0.029528738726419864
134;0.3044822256568779;1.4975576169831062;1.4678048827118753;0.0297527342712308
135;0.28490468830499743;1.5066011036136358;1.4769107989586856;0.029690304654950275
136;0.29675425038639874;1.5044377089038083;1.474573323064585;0.029864385839223493
137;0.28851107676455434;1.5024791293878768;1.4726853918501055;0.029793737537771203
138;0.2874806800618238;1.5050208051446663;1.4748054123121337;0.030215392832532488
139;0.2895414734672849;1.5016333005404976;1.4714487695865937;0.030184530953904023
140;0.2895414734672849;1.5062752317854082;1.4755633912830854;0.030711840502322795
141;0.2761463163317877;1.5057163161754854;1.482482430616769;0.023233885558716482
142;0.2874806800618238;1.5031387922015773;1.4802248727286496;0.022913919472927778
143;0.2818134981968058;1.505016770699416;1.4822185030921964;0.02279826760721968
144;0.2818134981968058;1.5017638337298929;1.4791174824246422;0.022646351305250653
145;0.2807831014940752;1.5024916464861124;1.480117168947325;0.022374477538787355
146;0.2797527047913447;1.5023134604733608;1.4800261154056886;0.0222873450676723
147;0.27408552292632665;1.5080404508857;1.4856480790560298;0.022392371829670153
148;0.2854198866563627;1.5013554767503499;1.4789592068813193;0.022396269869030535
149;0.2787223080886141;1.5043106630006935;1.4821022619358477;0.022208401064845718
150;0.27563111798042245;1.50265552597154;1.480192452715206;0.022463073256333916
151;0.2828438948995363;1.4995227934833901;1.4773354272385468;0.0221873662448433
152;0.2807831014940752;1.5016227788006382;1.4794957526008963;0.02212702619974175
153;0.2725399278722308;1.507393763091133;1.485144739480193;0.022249023610939996
154;0.2715095311695003;1.5066828435994128;1.484640051690897;0.022042791908515724
155;0.28593508500772796;1.5033390467956715;1.4810962313416691;0.022242815454002512
156;0.2895414734672849;1.498723352158088;1.4765399577137368;0.02218339444435116
157;0.2818134981968058;1.500444485562662;1.478253812165926;0.022190673396736
158;0.28593508500772796;1.5033631727659844;1.4808206376434907;0.022542535122493566
159;0.27305512622359607;1.5024379142346547;1.4801641559551697;0.02227375827948498
160;0.2787223080886141;1.5055220809442245;1.4832891575274303;0.022232923416794115
161;0.28232869654817105;1.510477506948586;1.4871601377916606;0.02331736915692541
162;0.2833590932509016;1.5078870481218891;1.4838793605704212;0.02400768755146795
163;0.29263266357547657;1.5038990397725998;1.4788579218538689;0.025041117918730888
164;0.2900566718186502;1.503449551350428;1.4782408842531938;0.025208667097234162
165;0.28387429160226685;1.5073119523536294;1.4817309136368577;0.025581038716771688
166;0.291602266872746;1.5044644064414385;1.4787699263590872;0.025694480082351236
167;0.29057187017001546;1.5055030112657148;1.4786926104443887;0.026810400821326137
168;0.29314786192684184;1.5065351448864865;1.4802416841250483;0.026293460761438257
169;0.28851107676455434;1.5067433739126128;1.4799434498743198;0.026799924038293003
170;0.28851107676455434;1.5056999789753382;1.4784318628168671;0.027268116158471165
171;0.2957238536836682;1.5031449577355127;1.4761008017459891;0.02704415598952359
172;0.2890262751159196;1.5124301300535246;1.4854172201023956;0.02701290995112895
173;0.28851107676455434;1.5098701025148693;1.482937745492769;0.02693235702210023
174;0.28490468830499743;1.508220661061133;1.481494995934763;0.026725665126370132
175;0.2854198866563627;1.510370431211669;1.4836871084756669;0.026683322736002133
176;0.2982998454404946;1.5030563189036326;1.4753507980668994;0.027705520836733347
177;0.2910870685213807;1.5067842752278804;1.4798141628856945;0.026970112342185916
178;0.2910870685213807;1.5043016639583693;1.4768948640975677;0.02740679986080148
179;0.2921174652241113;1.5046706126560445;1.4771409228804921;0.02752968977555241
180;0.29675425038639874;1.5063108415225313;1.4793290458101394;0.026981795712391905
181;0.3049974240082432;1.4945452893167228;1.4707824298243495;0.023762859492373185
182;0.30602782071097373;1.4924793986547;1.4690938612531597;0.023385537401540323
183;0.2982998454404946;1.4948656237168387;1.4714405112878248;0.023425112429014006
184;0.2936630602782071;1.4958862303336338;1.4722877160474728;0.023598514286161144
185;0.2962390520350335;1.4962711232891408;1.472738137262375;0.02353298602676588
186;0.3019062339000515;1.494625769221617;1.4710318846901564;0.023593884531460368
187;0.3106646058732612;1.4908412366353132;1.4673595988584633;0.023481637776849935
188;0.3003606388459557;1.492256864575244;1.4685618436440926;0.023695020931151525
189;0.3003606388459557;1.4933860174839426;1.4699612459775284;0.023424771506414165
190;0.2993302421432251;1.4959570957421642;1.4721230060276698;0.023834089714494456
191;0.2936630602782071;1.4959827467438365;1.4723853180544821;0.023597428689354293
192;0.3091190108191654;1.490052361576782;1.466343030187655;0.02370933138912698
193;0.2957238536836682;1.4978863424643114;1.4739636161289285;0.023922726335383025
194;0.2993302421432251;1.4965458938229153;1.4723749529265178;0.024170940896397333
195;0.2957238536836682;1.495528798321975;1.4713821135987208;0.02414668472325415
196;0.2946934569809377;1.497402073119732;1.473299497184773;0.024102575934958913
197;0.30602782071097373;1.492919915426275;1.4686975179413801;0.024222397484894822
198;0.30139103554868624;1.4963110270787612;1.4720243584673653;0.024286668611395796
199;0.3044822256568779;1.49606328290618;1.4719162458982866;0.02414703700789344
200;0.3049974240082432;1.4937083420220385;1.4694199009324889;0.02428844108954955
201;0.29263266357547657;1.5017078539441997;1.480057918306849;0.021649935637350737
202;0.2946934569809377;1.499818386581987;1.4782118328080724;0.0216065537739144
203;0.29417825862957236;1.5037730936534868;1.4821006425074361;0.02167245114605062
204;0.28490468830499743;1.5079484631387552;1.4862582891150764;0.021690174023678843
205;0.29263266357547657;1.5060572481106262;1.4845858991053964;0.021471349005229935
206;0.29417825862957236;1.5002277405958455;1.4784630761203048;0.02176466447554072
207;0.2900566718186502;1.503503049236791;1.482061587554287;0.02144146168250389
208;0.29520865533230295;1.5003512866837287;1.478686997474069;0.02166428920965966
209;0.3019062339000515;1.4978220580718618;1.476161333778849;0.021660724293012586
210;0.2874806800618238;1.505733889504108;1.4840033175956338;0.021730571908474213
211;0.29263266357547657;1.5033278912382602;1.4818101909466468;0.02151770029161346
212;0.29057187017001546;1.5028363081181806;1.4813335994541614;0.021502708664019043
213;0.28851107676455434;1.5029462896506238;1.4813607523946157;0.021585537256007953
214;0.2879958784131891;1.5025211349705456;1.4810647704071878;0.021456364563357762
215;0.29675425038639874;1.4995366395103262;1.4779399968127134;0.021596642697612873
216;0.2936630602782071;1.505443940575377;1.48384639026577;0.021597550309607198
217;0.2874806800618238;1.5042829199097687;1.4827706613594696;0.021512258550299007
218;0.2864502833590932;1.5070599864156882;1.4855127860319361;0.021547200383751863
219;0.29314786192684184;1.5023654455502338;1.4808187430694753;0.02154670248075836
220;0.28696548171045855;1.5061576853456846;1.4847313371409712;0.021426348204713456
221;0.2982998454404946;1.5068896575295883;1.484031881639971;0.022857775889617276
222;0.28387429160226685;1.5096247685072288;1.4864737359842402;0.02315103252298865
223;0.2854198866563627;1.5119670954394255;1.4884397535211091;0.02352734191831641
224;0.28232869654817105;1.5146636011550132;1.4910231781398924;0.02364042301512084
225;0.29314786192684184;1.5065054074812647;1.4820940429435938;0.024411364537670954
226;0.2854198866563627;1.5125959114829393;1.488571933469227;0.02402397801371225
227;0.2957238536836682;1.506491917423954;1.482495924543315;0.023995992880638944
228;0.2874806800618238;1.5124892859898664;1.4883810453105377;0.02410824067932868
229;0.29314786192684184;1.5066109276628568;1.4825752843967852;0.024035643266071553
230;0.2900566718186502;1.5087827066365498;1.4852241543627842;0.023558552273765538
231;0.29263266357547657;1.510439850816034;1.4871165783119102;0.02332327250412357
232;0.29314786192684184;1.511422206666407;1.4876284984999377;0.023793708166469318
233;0.28593508500772796;1.5174591933741268;1.4939689262818578;0.023490267092268962
234;0.2879958784131891;1.5138249292869903;1.489433614818292;0.02439131446869824
235;0.29417825862957236;1.5066129269518844;1.4825452778033532;0.02406764914853127
236;0.2982998454404946;1.5030259030311148;1.4789110406780293;0.02411486235308561
237;0.2957238536836682;1.5064850416090119;1.4817022513262332;0.024782790282778615
238;0.2900566718186502;1.5104025833266472;1.4857094325950502;0.024693150731597224
239;0.28593508500772796;1.5075318089224272;1.4832767445300425;0.024255064392384642
240;0.2879958784131891;1.5097335720725553;1.4853834793900536;0.024350092682501878
241;0.30602782071097373;1.496951727569871;1.4749338109735237;0.02201791659634731
242;0.30551262235960847;1.5000912417215764;1.478309709960686;0.021781531760890357
243;0.306543019062339;1.4959550148921181;1.4740326855368124;0.021922329355305706
244;0.29984544049459044;1.4983850441784787;1.476459968956029;0.021925075222449717
245;0.30705821741370426;1.496598657598697;1.474782995806718;0.021815661791978823
246;0.2993302421432251;1.497720656168946;1.4759111753264265;0.02180948084251958
247;0.2993302421432251;1.4998638421711634;1.4780059295607129;0.02185791261045052
248;0.306543019062339;1.4971201809210486;1.4753457707636508;0.02177441015739775
249;0.3049974240082432;1.4964733539568524;1.4745945053454343;0.021878848611417964
250;0.3019062339000515;1.4985790780252677;1.4768508918994117;0.021728186125856034
251;0.30602782071097373;1.4983530319701268;1.4763076522803564;0.022045379689770345
252;0.30087583719732097;1.5005453582402053;1.4786533746812713;0.02189198355893386
253;0.3003606388459557;1.4992824301530503;1.4773864156496028;0.02189601450344756
254;0.29984544049459044;1.4997777443826352;1.4778425756156721;0.02193516876696312
255;0.30087583719732097;1.4965500781242531;1.474570752418514;0.02197932570573904
256;0.30551262235960847;1.4973028763737155;1.4750311339042776;0.02227174246943777
257;0.2993302421432251;1.501173153174163;1.4790059855646354;0.02216716760952776
258;0.30705821741370426;1.4970867472294371;1.4748059468807355;0.022280800348701457
259;0.30602782071097373;1.494310791439644;1.4721174127106074;0.022193378729036577
260;0.2993302421432251;1.4993768920608552;1.4772840064558277;0.022092885605027417
261;0.29675425038639874;1.5076841703706767;1.486500519443455;0.02118365092722182
262;0.2936630602782071;1.5062745495102936;1.4849562332963036;0.021318316213990045
263;0.2879958784131891;1.5074880534628505;1.4863275118183685;0.02116054164448207
264;0.29675425038639874;1.5041969170096239;1.4830538490763159;0.021143067933308102
265;0.2895414734672849;1.5097054027516101;1.4879723951289605;0.021733007622649535
266;0.28593508500772796;1.5092757110556396;1.4879418932734416;0.021333817782198138
267;0.2936630602782071;1.5048643684092409;1.4836663624971322;0.02119800591210862
268;0.291602266872746;1.506624858075967;1.4855289999693095;0.02109585810665738
269;0.2879958784131891;1.5080959749614866;1.4867804800954325;0.021315494866054246
270;0.2910870685213807;1.5079544144521848;1.4866364256491802;0.02131798880300468
271;0.2921174652241113;1.5071592962293512;1.4859094280732286;0.021249868156122585
272;0.2921174652241113;1.5071099387315792;1.4859189441804723;0.021190994551106866
273;0.2895414734672849;1.5086275802206466;1.4872712691010794;0.02135631111956699
274;0.291602266872746;1.5080429633089958;1.4865052008493729;0.021537762459622776
275;0.2879958784131891;1.5097910105598642;1.4883695953227638;0.021421415237100512
276;0.29675425038639874;1.5027881831867311;1.4814163396679083;0.021371843518822663
277;0.2854198866563627;1.5093337823778377;1.4878606309846527;0.021473151393184828
278;0.2910870685213807;1.5088614173183608;1.487258258644666;0.021603158673694733
279;0.2900566718186502;1.5061983937519472;1.4844802353321922;0.021718158419754996
280;0.2890262751159196;1.5103795962011857;1.488775576591983;0.02160401960920268
281;0.29984544049459044;1.5060473797801597;1.4835725535688051;0.022474826211354465
282;0.29057187017001546;1.511149377321718;1.4883545998873506;0.02279477743436724
283;0.2962390520350335;1.5110720571078693;1.4878796317539285;0.023192425353941015
284;0.28490468830499743;1.5159117254874315;1.4927557110479355;0.02315601443949586
285;0.2910870685213807;1.5121367239939805;1.4887380781768218;0.0233986458171587
286;0.29726944873776406;1.5078524910009503;1.4843805933170624;0.023471897683887983
287;0.29520865533230295;1.5102566300686457;1.4870694065634458;0.02318722350519997
288;0.3024214322514168;1.504457593209838;1.4809133892265685;0.023544203983269545
289;0.3029366306027821;1.503119891602498;1.4796327122212194;0.023487179381278665
290;0.3024214322514168;1.505487432497055;1.4820066881450042;0.023480744352050813
291;0.2946934569809377;1.5103939571434661;1.4866446721559945;0.023749284987471756
292;0.2946934569809377;1.507792570307229;1.4841270820189234;0.02366548828830552
293;0.30602782071097373;1.5008409082244685;1.477353645808177;0.023487262416291274
294;0.306543019062339;1.502413486402591;1.4789197627936732;0.02349372360891807
295;0.2890262751159196;1.5149904476619762;1.4914622279800502;0.023528219681926022
296;0.29881504379185986;1.5089228860131862;1.4856198137412053;0.023303072271980863
297;0.29984544049459044;1.5059937795126088;1.4821721489192405;0.02382163059336816
298;0.29314786192684184;1.5094312637629796;1.4856865444114564;0.02374471935152332
299;0.2936630602782071;1.5080207083287895;1.4842570529409072;0.02376365538788235
300;0.3003606388459557;1.5066217945630498;1.482965511614855;0.023656282948194735
301;0.30345182895414735;1.5026137201150995;1.481074825013685;0.02153889510141458
302;0.30808861411643484;1.5001571834363745;1.478823438248396;0.021333745187978533
303;0.3003606388459557;1.5036626657464343;1.4823892584539824;0.02127340729245201
304;0.29881504379185986;1.5039751438797289;1.4827418771986491;0.02123326668107958
305;0.30602782071097373;1.5002469843899326;1.4789352495605217;0.021311734829410827
306;0.29314786192684184;1.505506677150972;1.4840924529793458;0.021414224171626205
307;0.3019062339000515;1.5011781052422855;1.4795755055195152;0.021602599722770364
308;0.29520865533230295;1.506347113083098;1.4849755721016067;0.021371540981491223
309;0.3024214322514168;1.5014296740001776;1.4800084117514027;0.021421262248774768
310;0.30139103554868624;1.5003176331827164;1.478944525898025;0.021373107284691332
311;0.30087583719732097;1.5036228830700127;1.4820730729179246;0.021549810152088227
312;0.306543019062339;1.4954405413160368;1.474086252455242;0.021354288860794688
313;0.29778464708912933;1.5009905023098238;1.479490273272727;0.021500229037096672
314;0.3039670273055126;1.497173212533879;1.4757285769117179;0.021444635622161125
315;0.306543019062339;1.4966810885193051;1.4754927731985163;0.0211883153207888
316;0.3075734157650695;1.4955267381078494;1.4743556907531958;0.02117104735465347
317;0.30705821741370426;1.495575680553391;1.4742510803945896;0.021324600158801464
318;0.3019062339000515;1.4986858638766376;1.4772279986028263;0.021457865273811227
319;0.3029366306027821;1.5018850356140805;1.4804276589693819;0.02145737664469857
320;0.3086038124678001;1.499561895174442;1.4780883631836441;0.021473531990798093
321;0.2890262751159196;1.5129583702450988;1.4919327859225069;0.02102558432259184
322;0.2993302421432251;1.5063951703950587;1.4853838685245504;0.02101130187050821
323;0.29417825862957236;1.5068375523835957;1.4856329421171635;0.02120461026643245
324;0.30139103554868624;1.5135355022750767;1.4923621860132703;0.021173316261806418
325;0.29263266357547657;1.5090654143225835;1.4879960340669878;0.021069380255595488
326;0.2993302421432251;1.5053808700786553;1.4841258242104485;0.02125504586820686
327;0.2890262751159196;1.5120541921661785;1.490740418864058;0.0213137733021205
328;0.28129829984544047;1.5113776594876382;1.4900880564984926;0.02128960298914568
329;0.29675425038639874;1.509933429977932;1.488630794975206;0.021302635002725827
330;0.29778464708912933;1.5073005827599613;1.4860727584343605;0.02122782432560083
331;0.28593508500772796;1.510660027057347;1.4894814036790396;0.02117862337830753
332;0.29417825862957236;1.509187077137074;1.4881213707508714;0.021065706386202577
333;0.2895414734672849;1.5105129514140974;1.489538905179605;0.02097404623449248
334;0.2900566718186502;1.510071114680621;1.488927897198307;0.0211432174823138
335;0.2946934569809377;1.504303672705527;1.4833075647683318;0.0209961079371952
336;0.2957238536836682;1.5088014355767085;1.4876443547480258;0.021157080828682902
337;0.2900566718186502;1.5105367351720653;1.489239232310433;0.0212975028616322
338;0.2921174652241113;1.5063782668125991;1.4851180582179169;0.02126020859468235
339;0.291602266872746;1.507378008671485;1.4861595511497878;0.02121845752169704
340;0.29520865533230295;1.507379513619672;1.4862793613376843;0.021100152281987673
341;0.2993302421432251;1.5092687972239278;1.4869765842286413;0.022292212995286456
342;0.2900566718186502;1.5146211176911069;1.4923433228167966;0.022277794874310187
343;0.2946934569809377;1.5136719366620952;1.4905850755867425;0.023086861075352665
344;0.29726944873776406;1.5081646107079625;1.4849062982998456;0.023258312408117092
345;0.3044822256568779;1.499956089893854;1.4767073838137155;0.02324870608013847
346;0.3044822256568779;1.5035792353962698;1.4805524296394517;0.023026805756818015
347;0.29675425038639874;1.5071280309061976;1.4844693985260498;0.02265863238014799
348;0.29675425038639874;1.512042421031895;1.4891875206595042;0.02285490037239071
349;0.30139103554868624;1.5039489170376141;1.48077805689596;0.02317086014165392
350;0.2900566718186502;1.514513627946039;1.4914666421016671;0.02304698584437186
351;0.2993302421432251;1.5092004066518383;1.4858947470899344;0.02330565956190405
352;0.29675425038639874;1.509896742812387;1.4870076049301564;0.022889137882230702
353;0.2962390520350335;1.5080823464101274;1.4852018479156102;0.022880498494517246
354;0.29726944873776406;1.5061367562233572;1.4827071931299507;0.023429563093406523
355;0.3003606388459557;1.505107636245362;1.4818268922848041;0.023280743960557924
356;0.2982998454404946;1.5056892420937265;1.4829177895751828;0.022771452518543712
357;0.30808861411643484;1.500600979169701;1.4777250609282426;0.0228759182414586
358;0.29726944873776406;1.5110366598715923;1.487653135823442;0.023383524048150292
359;0.2962390520350335;1.5051882454932566;1.4824255305058804;0.022762714987376004
360;0.29984544049459044;1.5048453649376423;1.4816693399813543;0.02317602495628801
361;0.3029366306027821;1.4990853666952133;1.4779822355935648;0.021103131101648565
362;0.30345182895414735;1.5010720516590037;1.4798615272360816;0.02121052442292219
363;0.2957238536836682;1.5029201379822186;1.4818808286844731;0.021039309297745404
364;0.30551262235960847;1.499043013372721;1.4780361523399765;0.021006861032744403
365;0.29881504379185986;1.502128796317048;1.4811664642223925;0.02096233209465534
366;0.30551262235960847;1.497268715572996;1.4763314445137916;0.02093727105920429
367;0.31375579598145287;1.493402105026304;1.4723284886953205;0.02107361633098353
368;0.306543019062339;1.495851336282163;1.4748842179437447;0.02096711833841834
369;0.31427099433281813;1.4916674961815293;1.4707064817763678;0.02096101440516162
370;0.30551262235960847;1.5005557855830127;1.479511451622925;0.021044333960087504
371;0.30808861411643484;1.4951886140090298;1.4741569373608865;0.021031676648143392
372;0.3019062339000515;1.4974284290591815;1.476484107086795;0.020944321972386607
373;0.2962390520350335;1.5052521197467905;1.4843547374915977;0.020897382255192578
374;0.30551262235960847;1.4983018096853076;1.4772941750512179;0.021007634634089677
375;0.31427099433281813;1.4929297330267708;1.4719724424225593;0.02095729060421157
376;0.3019062339000515;1.5015141529744584;1.4806330394400942;0.020881113534364303
377;0.306543019062339;1.4958617280648578;1.4747611060086014;0.021100622056256492
378;0.31530139103554866;1.4920021949018294;1.4710255288267062;0.02097666607512327
379;0.31530139103554866;1.4933465411526712;1.47236645878866;0.020980082364011093
380;0.31839258114374036;1.491688392753149;1.470732467313331;0.02095592543981789
381;0.2957238536836682;1.5099711268909932;1.4891476677841038;0.020823459106889475
382;0.2993302421432251;1.5060931388893304;1.4851937507735522;0.020899388115778218
383;0.2993302421432251;1.508279453719295;1.4872840476490554;0.020995406070239517
384;0.29263266357547657;1.509159543107675;1.487948834803963;0.021210708303711943
385;0.29314786192684184;1.5109212581550013;1.4897392072485993;0.021182050906401944
386;0.29520865533230295;1.5090179324211501;1.4880914545624235;0.02092647785872666
387;0.2936630602782071;1.509014426709941;1.4879713259917569;0.021043100718184268
388;0.29263266357547657;1.5125155270191764;1.4913691815981112;0.02114634542106538
389;0.2890262751159196;1.5098744548515584;1.4888296584257572;0.021044796425801218
390;0.29984544049459044;1.5057219559847848;1.4848384906310879;0.020883465353697003
391;0.2993302421432251;1.5086631979419054;1.4874975291924768;0.021165668749428483
392;0.2962390520350335;1.5081984040541847;1.4871244396148793;0.021073964439305617
393;0.2936630602782071;1.5116808485702287;1.4906777013889727;0.021003147181255923
394;0.2910870685213807;1.5109787613138104;1.4897518364318187;0.021226924881991623
395;0.29263266357547657;1.5089220169092932;1.4879420583608038;0.020979958548489334
396;0.291602266872746;1.508496955459355;1.4872669021472804;0.02123005331207464
397;0.28593508500772796;1.5123171424939423;1.4911516750675695;0.021165467426372767
398;0.2900566718186502;1.5112853410746374;1.4902768967877584;0.02100844428687904
399;0.2874806800618238;1.5131350334374822;1.4918810310344117;0.021254002403070606
400;0.2910870685213807;1.5090881402439704;1.4879392636675985;0.021148876576372055
401;0.3075734157650695;1.5000576822491174;1.478547887787384;0.021509794461733282
402;0.29675425038639874;1.5069424891705245;1.4852107469105709;0.0217317422599537
403;0.30602782071097373;1.5019161033605803;1.47963366736953;0.022282435991050408
404;0.3019062339000515;1.5015004545312023;1.479727896877566;0.02177255765363643
405;0.3003606388459557;1.5065431438850903;1.4843923852715155;0.022150758613574635
406;0.3111798042246265;1.4954959305827609;1.473409468952004;0.022086461630756865
407;0.3091190108191654;1.4967427152386037;1.474515908038352;0.022226807200251504
408;0.30808861411643484;1.4963308619445652;1.4737814382939287;0.022549423650636433
409;0.2962390520350335;1.50665473925705;1.4843353200732647;0.022319419183785126
410;0.30139103554868624;1.50164835825217;1.4794171867390258;0.022231171513144226
411;0.29881504379185986;1.5044906676767538;1.4821018885239567;0.02238877915279697
412;0.3029366306027821;1.4992853316494266;1.476935624953461;0.022349706695965428
413;0.30139103554868624;1.5057165361691356;1.4834356922147693;0.022280843954366362
414;0.3044822256568779;1.499452114166641;1.4767155399155456;0.02273657425109533
415;0.3086038124678001;1.4968598267271738;1.474149551666747;0.02271027506042669
416;0.3091190108191654;1.5015248301593007;1.4783145525233148;0.023210277635986078
417;0.3019062339000515;1.5051949224418;1.4821252012179107;0.023069721223889155
418;0.3044822256568779;1.5039784768265219;1.481339389303798;0.022639087522723884
419;0.3024214322514168;1.504780070797676;1.4820602707860397;0.0227198000116363
420;0.29984544049459044;1.5043899571385844;1.4816627207642545;0.022727236374329808
421;0.3075734157650695;1.4965408549733779;1.4755237899693798;0.021017065003997946
422;0.3147861926841834;1.4943001168342918;1.4734196807845605;0.020880436049731107
423;0.31633178773827925;1.4942645701718416;1.4732420192681164;0.02102255090372517
424;0.3173621844410098;1.4914447687631536;1.4705117494405269;0.020933019322626742
425;0.3189077794951056;1.4911461217940192;1.4703309119576833;0.02081520983633585
426;0.3075734157650695;1.497932656409506;1.477159884343253;0.02077277206625292
427;0.3086038124678001;1.4938810274565362;1.4732048746115887;0.020676152844947372
428;0.31169500257599175;1.4960693068752455;1.4753528813121861;0.020716425563059537
429;0.3091190108191654;1.497642039024357;1.4768138455091708;0.020828193515186024
430;0.31169500257599175;1.4932973710364255;1.4726048724544472;0.02069249858197817
431;0.306543019062339;1.4977103695925948;1.4769628722295511;0.020747497363043838
432;0.31169500257599175;1.4956945615721264;1.4748525133088715;0.020842048263255007
433;0.3147861926841834;1.493441431501488;1.472646545221485;0.02079488628000282
434;0.3106646058732612;1.4957575746444867;1.4749244127858243;0.020833161858662325
435;0.3091190108191654;1.4990485396844588;1.4783221386806797;0.020726401003779118
436;0.31633178773827925;1.492184670729345;1.4713590681890678;0.02082560254027707
437;0.3101494075218959;1.4983863436272928;1.4775699299061071;0.020816413721185808
438;0.30808861411643484;1.4996071219260025;1.4788590656734508;0.02074805625255178
439;0.30808861411643484;1.500233805591086;1.4794840392594728;0.02074976633161322
440;0.30963420917053064;1.4988867272303805;1.4780544770371968;0.02083225019318366
441;0.2936630602782071;1.5123178406144957;1.4913947465553656;0.020923094059130017
442;0.2957238536836682;1.5112619866789279;1.490382061368224;0.02087992531070385
443;0.29263266357547657;1.5114984385197092;1.4906243663789807;0.02087407214072855
444;0.2890262751159196;1.510610134561058;1.4896221367247875;0.020987997836270693
445;0.29314786192684184;1.5115939064286286;1.4905543811293007;0.021039525299327757
446;0.2910870685213807;1.5112984747324083;1.4904343940620874;0.020864080670320882
447;0.29881504379185986;1.5085485741872262;1.4875834257193659;0.02096514846786035
448;0.2946934569809377;1.5080513516263456;1.4871254812375225;0.020925870388823032
449;0.2993302421432251;1.5065677561506914;1.48572381091818;0.020843945232511242
450;0.2921174652241113;1.5071411175804001;1.486221340991123;0.02091977658927717
451;0.291602266872746;1.5101748060651934;1.4893200936727706;0.020854712392422786
452;0.2993302421432251;1.5047443946079764;1.4838044187692194;0.020939975838757004
453;0.2946934569809377;1.5052304369834573;1.484368915351502;0.02086152163195524
454;0.29417825862957236;1.507704118119878;1.4868384572048277;0.020865660915050478
455;0.29778464708912933;1.5048197340191425;1.4840736408813413;0.02074609313780103
456;0.291602266872746;1.5079016337254685;1.4870556532139019;0.020845980511566588
457;0.28851107676455434;1.5116102455941014;1.4907843124491846;0.020825933144916767
458;0.29726944873776406;1.5068710592221748;1.486086743692342;0.020784315529832637
459;0.28129829984544047;1.5144479028469873;1.4935749924594381;0.020872910387549185
460;0.2900566718186502;1.511538867911133;1.4905960263817781;0.02094284152935486
461;0.29778464708912933;1.5057511419318865;1.4844081668372255;0.021342975094661095
462;0.2921174652241113;1.5105178715456766;1.4892228179098344;0.021295053635842404
463;0.29881504379185986;1.5077501064351635;1.485907403787714;0.02184270264744943
464;0.29984544049459044;1.506881133727595;1.4849712680382314;0.021909865689363633
465;0.29520865533230295;1.5101186353358211;1.4880898980244357;0.02202873731138533
466;0.29778464708912933;1.507352551377231;1.4855709400206483;0.021781611356582915
467;0.306543019062339;1.4991906958717098;1.4776410943512324;0.021549601520477406
468;0.3029366306027821;1.5021994212188405;1.4804995702382893;0.021699850980551324
469;0.30808861411643484;1.4961854655493294;1.4741646532297503;0.022020812319579166
470;0.30345182895414735;1.5047611982044886;1.4826821863252069;0.022079011879281737
471;0.30087583719732097;1.5014076936742438;1.4796667359404685;0.02174095773377534
472;0.30963420917053064;1.4987558798345324;1.4768919003863485;0.021863979448183857
473;0.29881504379185986;1.5037270681812616;1.4822483249450087;0.021478743236252845
474;0.31169500257599175;1.4988121746865086;1.4771503367907972;0.021661837895711262
475;0.2946934569809377;1.5111110450249858;1.489317467997579;0.021793577027406846
476;0.30345182895414735;1.503368578333022;1.4816135640367905;0.021755014296231473
477;0.30345182895414735;1.5050325320591207;1.4831480746537002;0.021884457405420506
478;0.3049974240082432;1.5022887284457223;1.4802465306183286;0.02204219782739371
479;0.3024214322514168;1.50554460099774;1.4835077803629935;0.0220368206347466
480;0.31169500257599175;1.498381465565968;1.4757112073628083;0.02267025820315959
481;0.306543019062339;1.49686140703332;1.4762167834793398;0.02064462355398014
482;0.30963420917053064;1.4953014135115053;1.4747836679481219;0.020517745563383264
483;0.3049974240082432;1.496579393782854;1.475970536025144;0.02060885775770986
484;0.3044822256568779;1.501705955071034;1.4811759567457274;0.02052999832530663
485;0.30139103554868624;1.5003748002708235;1.479704041753707;0.020670758517116448
486;0.30602782071097373;1.5001698456002166;1.4795416075811136;0.02062823801910306
487;0.3019062339000515;1.5027227406032548;1.482195610977951;0.02052712962530373
488;0.3075734157650695;1.4967121989502237;1.476195054837934;0.02051714411228972
489;0.3044822256568779;1.5011369100494032;1.4805813985408918;0.020555511508511246
490;0.2982998454404946;1.5030688095928038;1.4825660434351453;0.020502766157658305
491;0.3075734157650695;1.5010192611056588;1.480585439250618;0.02043382185504094
492;0.30551262235960847;1.5036851699545113;1.483044340830375;0.020640829124136232
493;0.29726944873776406;1.5066293602687437;1.48589545067655;0.02073390959219365
494;0.29726944873776406;1.5051534951562306;1.4842469197213803;0.020906575434850333
495;0.3091190108191654;1.4971460895646422;1.4763509248225484;0.02079516474209392
496;0.3091190108191654;1.4935699215505247;1.4730586032778992;0.020511318272625523
497;0.30963420917053064;1.495496197191481;1.4749154037326222;0.020580793458859003
498;0.30602782071097373;1.501546061880376;1.4808683871977235;0.020677674682652563
499;0.3044822256568779;1.4989893225159368;1.4782267889369707;0.020762533578966035
500;0.30808861411643484;1.4985041478317709;1.4778963469279789;0.02060780090379199
501;0.3019062339000515;1.502527018910152;1.481895057642847;0.020631961267305245
502;0.3101494075218959;1.4977585138088032;1.4769126306422773;0.020845883166525917
503;0.3003606388459557;1.5027956183825124;1.4819978127339524;0.02079780564856001
504;0.29778464708912933;1.5040460452168705;1.4831531373328122;0.020892907884058298
505;0.2946934569809377;1.510151738177127;1.4895025505840256;0.02064918759310141
506;0.3024214322514168;1.5027449557241983;1.4819799361310013;0.020765019593197067
507;0.30139103554868624;1.5038841411294794;1.4830976365338522;0.020786504595627312
508;0.30139103554868624;1.505684239234217;1.4849434115111613;0.02074082772305551
509;0.3101494075218959;1.4985789317927491;1.4780152687886399;0.0205636630041092
510;0.3029366306027821;1.5000696346847007;1.4794072146762098;0.020662420008490837
511;0.3003606388459557;1.5024544116702663;1.4817193771747508;0.020735034495515347
512;0.30705821741370426;1.499759836457305;1.479131396930897;0.020628439526408065
513;0.30551262235960847;1.502261506166119;1.481662968395298;0.0205985377708211
514;0.30551262235960847;1.5024546423503753;1.4818800857913426;0.020574556559032536
515;0.306543019062339;1.5025109494242208;1.4819037954810967;0.020607153943124228
516;0.3039670273055126;1.5047233293868414;1.4839996660204047;0.02072366336643665
517;0.2957238536836682;1.5098017619971698;1.4890521961901988;0.02074956580697108
518;0.29881504379185986;1.5059367372226862;1.485205279374356;0.020731457848330248
519;0.3106646058732612;1.5022791062723049;1.481591847187339;0.020687259084965874
520;0.30345182895414735;1.5036023548741368;1.4828635662379552;0.02073878863618154
521;0.3019062339000515;1.5055659670979629;1.4845654439950715;0.0210005231028915
522;0.2962390520350335;1.503196162885148;1.4820424727961183;0.021153690089029727
523;0.31169500257599175;1.4972286977944824;1.4757814402435319;0.02144725755095052
524;0.3106646058732612;1.498173654601477;1.47673173026901;0.021441924332466892
525;0.31169500257599175;1.4982600221309632;1.4768217107427912;0.02143831138817199
526;0.306543019062339;1.5026208675134924;1.481483644213276;0.021137223300216494
527;0.30602782071097373;1.5025418858623947;1.4809981222806181;0.021543763581776607
528;0.3101494075218959;1.4965435606127606;1.47532500906251;0.021218551550250517
529;0.31169500257599175;1.4950129854378167;1.4731060973397854;0.02190688809803133
530;0.31427099433281813;1.4932315345279707;1.4715038733897536;0.021727661138217145
531;0.30808861411643484;1.4993223287836908;1.4777363812045177;0.02158594757917307
532;0.3029366306027821;1.5025521293858288;1.4808813622782735;0.021670767107555267
533;0.3075734157650695;1.50192079127664;1.480415674413006;0.02150511686363397
534;0.3075734157650695;1.5033623521196542;1.4819127141293147;0.02144963799033934
535;0.30808861411643484;1.498168613786614;1.4765071760803568;0.021661437706257006
536;0.30602782071097373;1.4975359406684983;1.4761611254543203;0.02137481521417774
537;0.3003606388459557;1.5051419110349746;1.4836642399453306;0.021477671089644042
538;0.30602782071097373;1.5036453380835295;1.482041116721356;0.021604221362173402
539;0.3091190108191654;1.497007995214369;1.4753949550056753;0.021613040208693694
540;0.3003606388459557;1.5053019505195677;1.4836584107891793;0.02164353973038844
541;0.29984544049459044;1.502455050032634;1.4817191963647827;0.02073585366785127
542;0.3049974240082432;1.4999246008920646;1.4793441748877028;0.02058042600436164
543;0.31169500257599175;1.4970819039912275;1.4765245299066605;0.020557374084566992
544;0.2993302421432251;1.5041499154460853;1.4834425197563976;0.020707395689687675
545;0.31530139103554866;1.4966866877937612;1.4760278567157412;0.020658831078019847
546;0.3029366306027821;1.4995582044155311;1.4788443846901564;0.020713819725374658
547;0.3086038124678001;1.496979123289471;1.4762948383565173;0.02068428493295362
548;0.306543019062339;1.4993334020430866;1.4786370978534744;0.020696304189612238
549;0.2993302421432251;1.5063833606912573;1.4856257647475528;0.020757595943704455
550;0.29778464708912933;1.50705724509336;1.4863764838052127;0.02068076128814713
551;0.2957238536836682;1.5059451370249084;1.4852979091072378;0.02064722791767071
552;0.3019062339000515;1.504157988635736;1.483524037537533;0.020633951098202798
553;0.3132405976300876;1.4946809961647178;1.4740960279854838;0.02058496817923403
554;0.306543019062339;1.4981866843426492;1.4774077787404205;0.020778905602228635
555;0.2936630602782071;1.5076990448771403;1.4870059422645785;0.020693102612561753
556;0.2957238536836682;1.5041316048746438;1.4835771249164815;0.020554479958162303
557;0.3029366306027821;1.5013184976725158;1.4806060201417903;0.02071247753072559
558;0.306543019062339;1.494588426497104;1.4740087635918784;0.0205796629052258
559;0.3075734157650695;1.4983784513090272;1.47768848621618;0.020689965092847176
560;0.29881504379185986;1.5009193451732534;1.4802599616544507;0.020659383518802695
561;0.2982998454404946;1.5065878745147336;1.4860673655805239;0.020520508934209668
562;0.29314786192684184;1.5112907759373118;1.4905484694294682;0.02074230650784366
563;0.2962390520350335;1.5101776972436094;1.4893581187952307;0.020819578448378628
564;0.2946934569809377;1.5121246297478614;1.4913305275714133;0.020794102176448108
565;0.29520865533230295;1.5123191331232533;1.4916010507291768;0.020718082394076645
566;0.2962390520350335;1.5089980144589172;1.488339541561514;0.02065847289740333
567;0.2874806800618238;1.5129892713074091;1.4922312402897187;0.020758031017690637
568;0.2993302421432251;1.5076887442364268;1.486986528776897;0.020702215459529792
569;0.2936630602782071;1.5117555999804992;1.491162405746122;0.020593194234377325
570;0.2946934569809377;1.5108481118016976;1.4902590555606707;0.02058905624102711
571;0.3003606388459557;1.5081520854413417;1.4873659388420817;0.02078614659926008
572;0.29778464708912933;1.5129924907566408;1.4920844304567757;0.020908060299865
573;0.29675425038639874;1.5104354624893173;1.4896668085789078;0.020768653910409416
574;0.2957238536836682;1.5097381807000043;1.4891994501867594;0.020538730513244976
575;0.30345182895414735;1.5030224490939557;1.482445439255649;0.020577009838306678
576;0.29881504379185986;1.5087376933070815;1.4880501473459737;0.020687545961107806
577;0.2921174652241113;1.5157458967673663;1.4949263543704316;0.020819542396934544
578;0.30808861411643484;1.504566142265481;1.4837877685295313;0.02077837373594965
579;0.29520865533230295;1.5083773935166662;1.4875814918388355;0.020795901677830818
580;0.2921174652241113;1.514802930896765;1.494156925411706;0.020646005485059057
581;0.29726944873776406;1.5076491369653275;1.486664427610355;0.020984709354972545
582;0.2982998454404946;1.5083234734537674;1.4874891215289516;0.020834351924815663
583;0.291602266872746;1.5133595637965607;1.4923012098167927;0.02105835397976812
584;0.3039670273055126;1.503857603827314;1.4824770888614016;0.02138051496591229
585;0.3029366306027821;1.503428961062542;1.482337876977778;0.021091084084763838
586;0.2910870685213807;1.5126260805842435;1.4916659064786695;0.020960174105573964
587;0.3101494075218959;1.498673762260547;1.477298184315732;0.021375577944815004
588;0.30345182895414735;1.5070892547222219;1.4857857068871052;0.021303547835116655
589;0.3019062339000515;1.509390258899612;1.4881126289819702;0.021277629917642003
590;0.30963420917053064;1.501632872406568;1.4803131040625201;0.021319768344047817
591;0.3003606388459557;1.5077063756649915;1.4866487561028867;0.021057619562104828
592;0.29984544049459044;1.5063866469001475;1.4850007007565467;0.02138594614360088
593;0.30087583719732097;1.509187911049353;1.4881024407333225;0.021085470316030513
594;0.30345182895414735;1.5037014162583426;1.4825948983476924;0.021106517910650255
595;0.3091190108191654;1.5037336929258398;1.4824289698259294;0.021304723099910494
596;0.3024214322514168;1.51068813655869;1.4895321523203549;0.021155984238335177
597;0.3024214322514168;1.5052644501390806;1.4841274750840718;0.02113697505500868
598;0.29881504379185986;1.5065639233969954;1.48524307651903;0.021320846877965285
599;0.2957238536836682;1.5106596490392237;1.4893219096337564;0.02133773940546742
600;0.3029366306027821;1.506217072023552;1.4846768701033517;0.02154020192020029
601;0.3039670273055126;1.5049920309333074;1.4843436216091999;0.020648409324107497
602;0.3049974240082432;1.5062057761295993;1.4855403438294934;0.020665432300105775
603;0.3003606388459557;1.5080759843436178;1.4875445397842304;0.020531444559387175
604;0.29881504379185986;1.5093028964239688;1.4887738195907696;0.02052907683319925
605;0.3024214322514168;1.504414505715348;1.4837696364342337;0.020644869281114347
606;0.29675425038639874;1.510926512576206;1.4904140097034893;0.020512502872716637
607;0.29726944873776406;1.5097740025694748;1.48929030326517;0.020483699304304562
608;0.2936630602782071;1.5118050459179295;1.4912218057513544;0.020583240166575194
609;0.29675425038639874;1.511058917799787;1.4905619004655903;0.02049701733419663
610;0.30139103554868624;1.5039805481570212;1.4834618546310496;0.020518693525971732
611;0.3075734157650695;1.5012594934961712;1.4807092940788917;0.020550199417279345
612;0.31169500257599175;1.4966311264382017;1.4761759322184622;0.02045519421973958
613;0.29778464708912933;1.5092466292708022;1.488754983908856;0.020491645361946025
614;0.3029366306027821;1.5060813672637154;1.485577779354231;0.020503587909484266
615;0.29881504379185986;1.5073225039418734;1.486752725765301;0.020569778176572507
616;0.30808861411643484;1.5013778532122535;1.4808452631750406;0.020532590037212736
617;0.29314786192684184;1.5106390768691844;1.4902468901943264;0.02039218667485799
618;0.3029366306027821;1.5029007305747637;1.4824972609648197;0.020403469609944002
619;0.3044822256568779;1.5061833036738164;1.4857951483119707;0.020388155361845715
620;0.2962390520350335;1.5100350940675848;1.4896025384964862;0.020432555571098663
621;0.3086038124678001;1.5029955900311163;1.4825609886173363;0.02043460141377987
622;0.291602266872746;1.519846601808028;1.4993591819578442;0.020487419850183847
623;0.28696548171045855;1.5207265458237198;1.500196485406403;0.020530060417316795
624;0.30705821741370426;1.5047466551624948;1.484232529606296;0.020514125556198977
625;0.29881504379185986;1.5092081542115798;1.4887025529487055;0.020505601262874297
626;0.3024214322514168;1.5098494069592232;1.4894058526268574;0.020443554332365638
627;0.2874806800618238;1.5161581602003205;1.4955511510771369;0.020607009123183598
628;0.2807831014940752;1.520893317163144;1.5003976679413298;0.020495649221814335
629;0.28851107676455434;1.5165673803877793;1.4961056716659522;0.020461708721827135
630;0.2962390520350335;1.5127127451235827;1.4919750640098732;0.020737681113709376
631;0.2946934569809377;1.5126382764745532;1.4919747888642694;0.02066348761028386
632;0.2890262751159196;1.5145677704592453;1.493788654812828;0.020779115646417334
633;0.2957238536836682;1.5103711335699561;1.4896550991681359;0.020716034401820408
634;0.2962390520350335;1.5132848237483296;1.492695579941527;0.020589243806802632
635;0.3086038124678001;1.499333558286483;1.478740135951487;0.02059342233499628
636;0.3024214322514168;1.503157532565192;1.4826240441284495;0.02053348843674264
637;0.3044822256568779;1.504899151972555;1.4842906442884929;0.02060850768406203
638;0.29520865533230295;1.5116162891550078;1.4909747249990442;0.020641564155963816
639;0.2993302421432251;1.5112099832385426;1.4906853032689436;0.020524679969598926
640;0.2946934569809377;1.5119804535128296;1.491150413328443;0.020830040184386545
641;0.3044822256568779;1.508211572105156;1.4869557950129404;0.02125577709221582
642;0.29984544049459044;1.5058369937476148;1.4847293049941537;0.021107688753461175
643;0.29778464708912933;1.5093218117015745;1.488110518222123;0.021211293479451686
644;0.3039670273055126;1.5019959005604449;1.4807036850392234;0.021292215521221368
645;0.2957238536836682;1.5101607614175245;1.4889709810692278;0.021189780348296758
646;0.3091190108191654;1.5008662942142477;1.4794060983711883;0.02146019584305934